-0.00472771    0.076975    0.312576
0.705078 -0.33683 0.624027
 0.754147 -0.343948  0.170766 0.53273
0.0346053  0.069486  0.304282
-0.043508 -0.205926    0.9776
0.484627 0.399889 0.601534 -0.493338
0.0245317 0.0805743  0.305318
0.0972129  -0.18402  0.978103
-0.477062 -0.425068 -0.520299 0.566585
 -0.025626 -0.0139243   0.318799
  0.818467   0.572234 -0.0515822
0.836799 0.276291 0.120124 0.457166
-0.0278837  0.0475409   0.335689
  0.952201 -0.0261152  -0.304352
  0.81736 0.0755915 -0.134853 0.554999
